10744
12046
21364
42008
43177
69082
74506
83086
83091
90087
90360
91280
93081
93479
93654
94489
96661
99945
100425
100466
101259
101712
104317
104649
105775
106486
108686
108734
108779
109832
112613
118662
119078
119272
120415
125031
125581
126457
127260
127363
133053
133766
135123
135158
135615
140872
141915
142629
144306
144756
145146
146150
149885
154974
157611
162326
163629
164630
179562
183378
196839
209774
227127
250100
268578
274900
287806
291938
298870
374359
415504
456977
482427
502103
519470
523019
592350
702930
916522
47085
70366
81378
82118
83812
86814
87653
104379
106580
110424
111099
126250
133005
133980
135440
136092
136950
138496
139256
140608
140873
148030
149770
158633
165729
167012
176492
179898
181065
198106
199993
213086
221261
222490
233975
240282
249823
250747
257786
277551
332355
336555
357813
408157
525718
525962
526283
540486
542353
588194
727406
890384
28912
48883
65780
69485
80334
81456
81794
81972
82067
83846
84370
85286
85979
91130
96231
98691
100158
101096
107877
114633
126288
132484
133033
134141
136258
136983
157361
157982
170994
178900
185937
198072
205519
209145
209583
225011
252527
253037
260565
262948
264326
267534
282861
288138
289580
295881
299352
338920
431252
452520
461340
464422
499534
503854
522140
526228
526440
527487
527857
533576
540176
556976
558241
571766
637177
719516
745779
14876
82154
83795
86961
87068
89547
90427
90784
93943
96487
99287
99773
103443
105449
109115
118573
124298
125475
126621
126627
127353
128348
128616
134739
136833
140847
140985
145377
146044
146318
147779
150980
152163
156745
157832
166901
170495
176213
178915
184634
193517
195520
201464
203311
219107
229977
233867
237284
237399
249612
261533
262758
276567
276927
283171
296951
329316
335823
361025
384253
394685
428402
441632
463391
475033
505851
543118
562898
626159
644019
651500
666798
750154
14340
49279
71570
72787
77972
83392
84617
85779
88386
99395
102834
103610
108326
112931
117055
130359
134302
134990
136059
138546
139908
139913
140410
142204
158904
160770
163146
168302
171815
172400
178779
183349
187097
199106
201550
217826
220566
221541
226533
227475
228129
240360
299374
343618
347439
351453
368821
424927
425303
433607
440325
452096
457792
461796
473628
494991
521756
525455
530120
637191
646467
719022
15017
15666
16757
26845
70099
70815
85069
85372
85659
95077
96459
100966
108965
110365
113241
115872
117127
121308
122027
124994
128350
132994
133563
138508
139295
141388
144701
146180
151017
161326
165180
168568
170200
174808
175197
180925
183477
188991
191505
193449
193962
197355
206035
224248
230884
247160
248405
253956
254176
254214
255229
267006
316277
323722
352107
356756
395200
398931
400188
432453
457263
473403
500377
522089
524387
538480
550159
579919
585514
598905
625432
741471
763483
856198
862927
12439
67165
75307
88900
89668
97810
101890
106950
108053
117622
118428
119086
119269
128380
129089
132040
133060
135715
140104
142092
148345
148835
153418
153581
154397
156731
158458
162308
164855
167042
167713
167920
173230
177007
177327
187047
188759
193008
194828
198573
203956
216188
217809
223053
235402
236022
237422
240220
241027
241629
246349
255683
261777
273467
274272
278097
284140
286511
289155
292366
313867
320171
333806
336542
341750
344202
345931
348074
348152
368256
369233
383920
394744
404050
412690
428509
462045
508169
520509
521020
529212
530125
539568
582595
583113
610148
632305
759488
958553
22980
44571
62090
75747
83075
86968
87022
87592
90494
95309
96070
97740
99441
100750
100761
101301
101340
103557
104737
114073
114167
116119
121311
126832
134364
134564
135560
136137
136748
137098
140480
145604
146668
148012
153074
154299
155013
159464
164433
176606
178393
180484
181121
186229
189411
195215
197046
201304
215846
225588
226250
246840
254057
257958
258688
260425
268520
270960
271517
271542
276189
276698
283204
286183
288066
290332
306751
313958
317493
325379
352023
357606
379109
389490
430042
430326
444843
463951
473878
476039
485370
500300
508927
520418
522143
561659
564168
573140
626966
662109
690261
698168
706163
732144
754516
776487
12807
12898
14228
24405
27733
35841
41375
51262
70368
71920
73724
73945
78027
82982
83238
83769
84881
86023
86517
92127
104169
113683
131666
132826
134987
135062
135404
137029
139349
142393
142799
145418
150236
159449
160714
161083
164596
166798
173451
175258
176899
180591
182118
182910
187485
189081
189436
194200
195230
196497
196587
197110
198996
209130
231154
232401
237131
245725
247617
248290
248433
253909
262000
264942
268292
274913
280181
280717
284337
297835
299076
310578
317026
352105
368640
369212
372940
373865
376927
383278
396957
404879
405008
422724
425797
426801
427267
447297
453628
456628
458283
458959
460011
470924
478061
523487
535441
543247
558022
563729
568166
570403
602736
629188
634272
635223
642558
651877
659646
661696
696207
723386
743772
756481
769506
777853
807752
30858
41220
71300
72075
75797
82390
83227
87506
90036
93772
97705
98785
98967
100146
102585
106960
113584
115749
118640
122110
125190
129279
129543
136425
138849
140331
141307
142627
143213
143790
145831
145945
146250
147867
154240
154327
159029
162170
162828
164851
175523
177769
178944
183208
188855
194708
206277
209005
210960
213636
215722
231030
236051
239979
247641
248376
249663
250021
251987
252324
256612
258411
258746
263470
266377
267234
271556
273843
277260
278643
288187
289935
291370
293663
318150
325046
349153
349576
385450
416841
421760
425439
442447
446593
451100
452855
455655
459955
461988
462834
463800
465299
469002
479234
485091
489803
510523
524344
531848
558313
561414
572885
574714
576847
591539
594976
632642
634217
671775
671818
681898
743585
774104
812696
12365
14063
24067
27711
31272
43761
75531
80368
82300
82873
85153
85963
89639
94782
96825
97393
97580
99698
99972
101309
102026
107366
109070
109290
112604
117140
129300
130758
132268
133087
133568
133750
137323
139143
139176
139366
139801
141783
142357
143049
143094
143138
143869
144643
145313
145857
147242
149036
149677
150216
151621
154602
155682
155709
159341
159726
162086
164638
167215
169619
173275
174215
174280
175110
176572
177351
178112
182696
191003
192596
196784
198527
198897
201718
203035
205371
209991
211543
216841
221228
233509
235098
239683
243538
248557
250706
253559
256956
259060
260446
261145
262242
262420
263552
264441
266801
269742
280968
284408
287046
290698
295877
305553
306225
311003
313464
322657
339218
342956
347933
348398
348514
352755
354350
383369
386946
403355
407859
417454
418972
456024
456204
460967
463600
464937
467939
475784
489912
493704
496585
497142
514043
520987
527968
538652
540302
545010
549767
557071
557553
560163
564689
580811
583517
592369
593633
597036
637585
641706
654307
664343
664649
671250
676409
680089
685589
723278
738213
738878
739856
748735
754198
803886
805154
816419
993856
13123
24707
58781
74208
79851
79880
83452
83604
86155
86296
86383
92272
96749
98338
99978
101896
124306
125124
130799
131676
132523
132811
133139
133327
133366
133692
133972
134044
138363
139812
140317
140787
140948
141735
144816
145822
146378
147273
148972
149919
151274
151286
152132
152282
155573
158251
159576
163781
165624
166594
168788
171323
171746
172440
174474
177870
179170
180790
180916
187656
193643
203920
204671
219112
219837
223473
226265
228238
232593
235224
239905
242179
247902
249280
251022
251630
254252
256795
257082
263721
269313
269925
270986
272864
273245
294442
330214
331701
336311
342482
347308
366083
373567
376983
380703
401523
417314
417477
424109
436297
451717
455368
464083
464794
477110
483226
485031
486289
488016
490339
501304
504767
514326
515096
519656
523198
527566
528626
530207
535820
536012
540410
542704
546130
565588
571215
581281
594492
599497
601912
605419
621182
621630
622822
626258
628545
629515
629628
633318
640405
640788
644039
652316
654138
675074
683711
701954
711955
726977
727127
728717
740903
742599
743042
771599
779484
780804
787218
817494
826285
828693
905455
981578
996989
10787
11734
14206
15738
15820
15838
16469
22209
26816
51565
70337
71191
72436
76781
76966
81634
86775
87501
94186
96116
96218
98680
103225
104000
108050
108285
113536
121900
125341
127832
128180
129638
131874
133054
133328
135210
135801
137036
138859
138926
139109
139528
140003
141315
141592
144182
145099
145349
149123
149404
151309
153537
157931
158040
159356
161257
165054
169248
169505
171582
173062
173872
173883
175653
175770
177786
182011
185463
189803
191637
192758
193254
194783
197028
198381
207908
208387
209881
214020
215205
215550
223143
238666
243035
243575
244962
248753
251232
251808
251843
253286
259375
261302
268564
269978
271094
273101
273520
277190
281238
305042
312837
322077
332914
345220
362025
376509
376858
395194
401072
407644
417489
423464
424171
426081
429606
434945
443670
450249
460147
460207
462168
468742
478932
480527
499115
524543
525149
527443
535156
540676
543582
560133
562847
563615
568981
572284
583510
583893
591726
595355
612911
632581
633267
641087
643504
645397
658508
663533
671953
680445
702375
705776
743813
746792
759643
804642
875597
987541
10469
11128
12108
22611
27486
35505
42033
45689
62291
70766
71667
73017
78572
82930
84700
85713
87066
91025
93165
93359
97404
102432
104859
109288
109673
112928
113322
125936
131065
131603
132858
133173
133289
133368
133628
133680
135640
135726
136124
137439
138798
144113
145415
146773
147385
147593
149064
149629
152113
153261
154991
157371
157720
158415
159757
162500
163809
166072
168123
172865
173576
175093
175620
176105
179285
181767
181962
182308
183853
184592
186805
192475
195901
197410
203830
204611
204766
208931
211650
216768
220466
223861
230176
232895
244545
246333
247650
253060
256304
257966
258575
258705
260902
261836
267264
267525
273976
275764
277594
277703
283169
284286
299977
301026
322335
324942
327582
338862
342477
345354
348364
351145
351195
351813
353506
355431
361054
383346
387210
414425
417008
429206
431330
445035
463621
463681
478491
479313
480338
490085
495004
497281
506134
519291
522333
525174
529021
534876
537966
538164
542741
543865
548866
550776
555019
556495
559696
571644
573290
574654
581449
582115
583498
586787
588889
589412
593943
594869
595822
595930
606312
614722
615206
620694
630745
632905
635939
636358
638942
641763
642841
643457
645961
657188
657303
660350
681113
681476
695964
705666
708896
713914
716122
717392
725913
742070
742252
756600
760410
764583
767738
784342
817501
829504
846036
850901
856170
900046
1009489
13050
13305
14760
20316
25488
32695
38488
44770
66059
71257
71680
74098
82111
85300
87597
89920
91178
92942
102477
104570
107988
108770
109060
112264
115491
117804
118796
119038
126214
127555
131348
131355
131481
135497
136109
137407
138958
139037
140227
140936
141477
142591
143453
146922
148855
150003
151730
153011
155656
157996
159218
160464
165354
167620
171873
174894
175088
175461
175729
176826
177067
180384
182739
184063
184718
185905
187849
191898
195420
210317
217637
221704
226330
227396
228602
231645
231954
234181
235085
236354
239646
245767
251480
252510
257700
259117
270617
272244
292846
294515
295669
299934
301469
304013
305749
315600
322324
323931
337840
341892
344094
344223
345720
349940
350051
351511
352973
353563
355921
356641
359700
359900
381762
387201
409920
412659
416296
445538
450853
455114
455828
456604
457785
462226
485593
498899
504710
508820
520926
523455
525808
526921
528092
528766
529088
531642
531697
533313
537094
540322
540996
546930
549079
549826
550374
568837
568999
570785
579683
584551
593100
595537
602217
626448
630732
631058
632125
634201
647175
650017
651655
652232
654049
655078
663807
679922
685436
688485
693438
700712
701015
709319
714255
716347
717935
736242
738052
741365
742942
745257
750968
755755
762160
765145
765297
788443
805414
847275
852899
875187
876836
10710
16173
18212
24983
27391
58776
67133
70447
84207
84794
84832
85533
87644
96244
99342
99955
103834
104025
106553
106654
106660
107882
108291
121023
122261
125452
126135
126564
128972
131356
133267
133788
134800
137463
137874
138703
144019
145150
146435
146747
147656
148979
149739
154381
155097
155276
155790
158764
159938
160780
165199
165368
167722
168564
171380
171390
171398
172065
173163
176415
178931
186274
186500
186947
195231
195712
197144
201923
205295
206749
209892
211800
213801
221804
224525
228343
236954
237908
239459
241856
244115
244589
244744
246078
250378
250381
251382
251686
254729
258530
258927
267104
268146
276308
282778
283252
283494
284494
286135
286577
289179
289272
289584
291209
336308
352086
352924
353325
363863
372777
378886
378961
386681
404752
422278
429106
438872
459277
459584
460321
462030
462912
471852
476627
480947
483719
488863
489805
492218
515526
527028
527194
527261
535429
535931
536659
538408
541694
542196
544530
551022
553649
559440
560023
566402
570144
570695
572667
579062
601066
603175
605290
615326
626889
627352
628717
628894
629587
630378
631230
631387
633511
636350
639058
640962
645175
645491
656047
662008
668457
669761
672563
675082
685480
685673
699977
703030
708797
712661
717919
721135
726748
733287
735856
736319
738095
738249
739338
755808
762524
774913
807663
813083
814520
863763
891933
893672
901771
1027313
26319
41995
46888
47798
73337
74105
81638
82636
82913
83274
85260
85306
85597
91229
92384
94487
96384
96574
96987
98144
98755
101198
109469
111498
113629
114535
115801
118385
120703
125395
129536
130754
133614
134076
134550
135943
137081
137653
137728
139392
142848
142879
143307
145047
145252
145823
146517
146630
151546
155740
158314
160150
160801
162349
166119
172036
172205
175239
175311
175444
175506
176794
177578
179275
180052
180856
183405
183558
186892
187386
191642
192677
192678
202049
203120
212016
215219
219885
224269
229305
229874
231436
233304
233517
235760
236280
244514
245082
245405
246594
248730
249735
252739
256577
256649
257979
260456
261406
262240
262466
264681
264734
266636
271963
274911
275025
279588
285619
285869
288238
296597
300279
304108
325431
325479
327985
328659
339839
342151
345691
351613
355175
370204
370946
373470
376108
388515
391281
407533
408225
415825
422441
429454
429471
431387
441813
452239
452894
456564
458394
462663
463208
465801
468581
480532
481719
491963
507722
515047
518283
519431
521764
525751
526415
530095
533074
536932
539697
543016
546326
555065
560649
561443
563832
573439
573809
573812
575725
586141
586740
594281
595519
596957
613121
622297
623904
631906
633148
633993
634462
636735
639039
644517
648020
650653
652517
659487
661712
663084
671855
678894
681797
684369
684734
698041
709264
714014
719009
719361
727627
733392
734705
734754
736563
737179
737433
749207
752742
763564
766490
766687
777760
784078
788646
791676
792809
813038
814047
817852
821590
834143
842893
847177
876148
894415
894478
929660
1028921
1033631
1033781
17447
41988
64788
72089
77957
80956
81816
82291
82403
82877
95798
96259
96467
97318
103787
108026
108827
109601
110991
114556
118073
121992
128033
131292
132118
132540
141474
143805
145177
145633
146364
150011
150771
151277
152571
153789
157799
158019
159896
160497
169403
170298
171849
172444
172556
172656
175251
175265
177139
178936
179141
180430
185817
188125
190197
194566
195791
200360
207091
211916
214458
223428
223593
226083
226388
227269
229186
233665
234587
242846
243637
247174
250232
251527
251928
252331
255532
261451
267488
275282
277009
282341
282549
294830
303816
314183
322897
343718
343820
346693
351811
362142
370735
373170
380326
397925
411704
417443
421427
424946
434769
440963
445099
450468
452276
460741
461741
463209
473220
480685
484602
496414
498963
505259
507389
512721
521787
524294
528303
534237
535368
538213
541148
546425
551396
554998
556559
557956
582860
585097
586658
587176
590901
594381
595229
599473
605256
605793
609130
618232
619852
620140
625054
633628
634017
635219
642374
642511
643316
657512
658265
665479
674168
677873
680831
684667
685492
686246
698131
703348
715023
717566
720189
720247
725838
736661
739630
743992
747178
753676
758786
759647
765000
790568
791247
794459
796933
801646
804613
807507
808997
822492
825279
826301
830288
838475
854559
868127
876251
878730
889715
922398
996895
1022242
10589
13133
14471
27005
28604
34525
48384
62238
62974
67235
73546
73963
76882
79863
82735
83216
93762
94260
103738
105208
111439
115499
120274
122402
126726
128469
131655
134657
135927
140070
140160
141068
142856
143330
144511
147451
148786
148802
148963
156024
159751
160360
161086
162457
164730
169913
171353
173068
175814
175821
177426
178866
182689
185081
204310
204477
208366
210794
213908
214295
215298
219835
224858
228774
229641
230513
243112
246038
250862
252883
259130
261311
269356
270112
270158
274054
275067
280093
285647
288290
295026
295105
297700
299162
305788
315277
329858
336507
341179
348799
350685
357691
417591
455618
472229
498098
498444
506220
510776
518840
526701
529638
531230
543663
544756
557803
559974
567158
568565
581341
584243
588715
592925
593626
597873
599310
602471
613482
621074
628335
630392
630930
632866
635804
639253
639427
639885
648397
650007
650478
653036
657545
658939
661647
662105
665041
682514
692033
692929
695779
700009
702507
707099
715001
716843
718439
721474
722240
737140
739525
741884
743952
744019
744466
748412
750142
755599
765826
768230
769961
784867
792508
795813
799984
837180
862856
869702
871290
928069
10889
12647
13363
14565
18606
45490
50518
76220
82572
84659
86742
87324
87362
95412
97240
98126
100923
106173
118182
126540
126809
127459
133705
134096
134366
134493
135293
135547
135596
136470
137772
142716
148154
153973
158855
158906
159973
161751
167141
168974
170098
171169
173018
176666
177722
180568
181429
182523
182825
183452
188587
189314
191159
192100
194098
194327
197761
204398
205392
209885
211625
213682
219557
224168
228961
239188
248397
263464
267873
269886
269900
269964
272116
274917
275121
292603
297738
306794
317770
318135
331559
336105
343313
348189
350160
353202
355561
371091
379508
393564
411645
430450
438264
442333
443002
459581
477103
500031
501899
502547
505556
515604
520646
529329
530224
539811
549081
562897
569612
577336
588424
594761
600413
602683
611712
617932
625573
645899
650728
653585
660291
663219
678236
679141
681264
682928
683487
683657
704189
721381
732052
733463
735110
744359
745869
746823
748556
752735
765652
766268
769115
769906
776075
779276
790957
792213
820898
829579
838820
943174
22471
24684
32258
41809
72647
83076
85557
86927
87288
88063
99549
101270
104414
107309
112882
121933
126083
130139
131214
133290
133453
138702
139056
139638
140117
140997
143617
144393
144581
148981
152040
152251
152346
152600
153717
158125
158399
158614
162988
163801
168433
168700
171050
172104
172257
172394
173033
175998
177329
179566
181918
188871
192034
201095
207541
219907
237932
239795
261464
262123
275065
276283
277517
280746
288429
289902
291181
291784
294910
298065
299878
316526
334583
337444
337582
338171
342243
343364
344120
344461
348904
351751
352068
352118
361611
367917
381033
387569
389205
404500
412940
420603
439968
445372
445950
448566
453195
454611
454754
459233
468860
472295
496885
500869
512417
522711
523036
525767
526659
527712
531162
538450
538707
542377
547565
558936
559225
563639
582139
590250
594649
615917
632115
632239
633002
641053
641380
642576
642684
644904
652668
654550
661377
663522
664591
665364
674498
678947
679600
687770
695282
697896
700908
707780
711246
717329
718262
721379
721453
728510
733625
734429
740472
743783
744607
745009
746363
747813
748444
756771
760950
776169
788790
788862
796767
803166
804495
805375
806600
810530
829728
848191
852941
854017
864367
876791
877108
919410
927745
1055540
12615
31357
31895
34528
41465
62452
81947
87620
98926
101248
109189
112562
118395
119004
120649
122211
135451
137437
139876
142491
142798
143940
144687
149859
154647
154949
155244
156043
157847
161056
163120
169371
170643
177864
178295
180078
182337
187655
191960
203048
224339
225289
228617
228690
233657
234804
239857
243594
246714
247085
248923
251650
254291
254443
257980
261243
263332
265377
266552
270426
271301
274025
276441
291374
292199
296912
304830
336341
337799
345954
347413
347435
349517
350823
350856
375084
384312
396988
400877
402939
411245
417143
424044
425704
427106
431897
452919
455746
470050
476989
480201
485090
492097
513024
515940
521494
523474
523796
524779
525323
526935
533557
546303
552439
561464
572074
573449
586018
604874
613399
627374
633273
633593
636163
637792
639460
640243
650767
653957
654249
654365
654574
657939
658803
666053
670443
674683
683303
684004
684469
685041
706742
709218
709716
719336
719798
721087
722725
726155
726726
727604
732700
742850
745861
746091
749104
751932
753141
756345
756649
757891
762045
766714
785298
789002
790690
791882
805150
805661
811933
821546
828667
830961
844748
852049
863208
867315
868049
870014
877131
899426
904239
930565
943367
950162
1006250
11637
11997
18773
24900
50679
58045
70314
71875
82721
85049
88405
95074
112805
121724
126513
132191
133062
133217
134142
134698
136344
137157
138414
139034
140339
140486
144109
146012
158010
163747
178513
178913
180185
183602
186729
198798
198816
207536
207798
215777
216441
223325
224241
230828
232423
236170
240367
242736
252455
258676
260575
269833
276688
278784
289386
293810
295159
316015
324405
326009
333372
335521
338417
343092
346358
350615
366959
366963
380504
383843
394176
406184
407322
415683
455277
458719
477347
500751
504934
505636
508696
522998
527871
528258
530109
531257
532902
540846
553295
562982
563112
565609
566787
581849
587122
587687
587968
591359
592178
592496
599430
618075
620769
623864
628887
635578
636701
637025
650646
654375
682414
683917
688501
705467
728864
741567
744739
747096
764832
768430
783781
791974
805708
806464
806532
809240
809310
809316
811137
821161
821971
839643
841599
843578
859069
859780
864540
865362
870218
875918
881582
886192
893074
897117
898883
904718
931755
932235
935672
1073992
10527
31714
36521
71959
77516
77888
78461
83441
87007
95048
100306
101069
106894
110875
127603
131535
140191
141542
142073
142480
144529
144688
144977
149056
150471
154548
154966
156097
157858
167974
168054
170838
173085
173197
173287
173748
176694
178399
179823
180533
181334
182617
185076
201701
205100
206228
209143
222572
234493
234650
241575
242431
244888
245235
245775
246484
254288
256505
258108
258420
259005
260396
264017
268127
268993
270358
273397
276406
286500
288101
288745
289664
292779
294729
295408
297436
323413
330791
332900
339626
345267
353749
363629
363739
377283
389499
405073
407596
411188
435820
441391
444690
445617
448293
452459
452674
452721
454587
462718
464130
480957
482267
491417
500129
505180
518300
525700
533188
538055
539780
550025
557453
558747
567981
568304
568506
574425
575583
580405
598208
606786
627748
628460
639198
641270
649030
655138
659864
661671
662412
664060
670583
675256
684987
699734
707970
715114
718585
720305
720985
722581
733912
736574
738260
739960
746501
746547
746713
747318
747974
753767
757955
763097
767515
772525
775816
777055
782160
785258
787110
788369
800906
807028
816337
817856
820124
830692
830711
831388
842785
843580
848261
848384
852602
853584
857593
860008
861637
862834
867694
883499
893023
896805
901319
29192
34660
55675
78193
80784
82454
83854
85164
86748
88350
94112
105536
108106
109042
115982
121076
126468
127600
129939
134090
137676
140906
141536
142046
142789
143265
145767
146595
147564
149529
151107
151861
153778
156877
159265
161248
166223
166508
173851
179704
180260
185021
187200
187784
189136
192995
214865
220821
225636
229932
230800
232119
233766
236541
239707
258771
261196
268089
269827
294292
307450
331563
340382
340463
347944
348119
348243
348931
349003
351911
358044
359696
390181
409148
409959
440307
441323
443528
444886
454796
456005
456684
463620
464394
466352
470079
499790
501076
505761
509548
518109
526621
548077
553628
554847
558168
566085
581317
585053
594922
607160
612173
620771
633843
635683
638961
639834
641548
643401
645016
654417
655908
663889
665343
674720
675744
681829
681838
686034
691337
703252
706639
717777
718901
721019
740137
741930
747764
759821
760925
763639
765285
765363
765731
785360
789110
791959
796686
804348
808754
810142
817614
819316
819798
829756
847203
847811
848878
876470
884877
885011
890157
891789
892493
893742
942163
944068
972275
1048514
1072025
78200
86153
92821
97920
105725
108033
115988
118252
122605
122964
132435
134317
135420
137191
137670
137757
138502
139612
139868
142328
145557
151631
153696
157064
158801
165669
168681
175725
177715
177999
179622
180817
183728
189648
196961
198084
199250
200988
202516
235601
236999
239231
248642
254537
255034
260746
262015
267955
271514
275963
277159
281002
281562
281587
282076
286746
294994
300860
310879
340432
349334
358913
362517
377567
416972
438567
444249
469149
470989
475057
479954
480437
483465
487132
493820
495466
504242
531688
535919
537794
540129
549846
555821
558968
566129
568338
569333
573562
573830
580100
588040
591204
594738
597132
602218
610591
612229
617484
627481
632060
633754
639799
641645
643203
653724
656587
656870
663700
684737
699196
707538
717347
725962
726956
735640
735922
736197
746438
748560
752764
753561
755169
769195
779833
780826
786917
787246
787491
788266
802610
805419
808568
822036
826636
829672
838419
841051
841448
849107
860778
876174
894230
896014
900982
910427
917387
920341
933522
954742
1078630
60008
70176
85191
94675
97142
100418
103963
112261
123160
126833
128617
129518
132387
133374
135222
135570
136770
137492
137774
142721
143584
145125
149057
156194
158655
159446
163868
169499
171555
174148
177904
180299
180960
182193
183928
185786
191025
205813
206256
213218
221334
225483
230605
232777
236384
237127
241462
246441
250173
254800
256006
261283
264713
268026
270725
275335
277697
281680
311899
331569
342391
342490
347606
347655
350417
377897
379640
392032
398094
417424
419838
421327
438635
449080
464063
464119
480670
502258
506025
509354
511186
524200
525800
531490
531762
537248
551153
556547
557625
558225
562623
577555
594014
606692
614563
630623
636517
642704
651590
654444
657428
670357
675542
679184
679242
679384
682840
683040
683600
688645
705415
720162
734861
735953
748283
751706
765813
766014
767104
768840
771129
771597
772250
772648
788474
791870
792533
799572
802930
805682
806469
806566
809487
810588
812879
813407
814769
816192
818350
825371
832591
832593
840771
849841
852386
856101
861855
875808
878709
889660
901784
904945
905596
916931
920024
930677
976658
981397
1100457
12674
29550
45056
45101
83203
84267
101563
108673
109035
126631
127816
132400
132665
133075
134439
135036
135213
139125
140585
141543
144066
144346
145081
145374
145638
148831
155413
158957
162604
169159
176051
178592
180641
188609
193713
193955
201411
207411
225551
228131
234215
245019
247869
249611
256377
258190
261547
265346
268991
275628
283753
290535
294954
311768
317867
319625
329864
331161
342536
346550
351912
371843
389259
392417
400687
409286
439574
443297
443373
445133
451756
476761
482055
483314
484100
493428
502163
520107
521953
524914
525407
528391
528465
536157
537730
547206
555363
558123
558237
558958
564148
567907
588350
594069
603186
614574
624254
624677
633555
634832
637347
639451
642966
645426
648843
650720
651219
656822
665245
668387
675967
684340
698571
700504
716841
720728
742249
744505
748440
750048
750795
764636
774459
778721
786798
788962
794772
805994
808050
815010
815964
822585
830013
831549
837657
838390
839443
841241
842028
862875
885529
896123
900988
903430
911137
921111
935412
948755
953301
957177
957705
961920
970936
983099
1001573
1041638
41929
70187
71439
75910
82838
84347
86712
87601
97719
108296
108302
109339
109598
111358
111546
116550
122954
125491
132147
133136
134048
136337
139171
144260
145944
146440
152072
152644
153734
153880
155226
157841
159274
159401
164629
168461
169435
170037
176419
180617
185155
186105
189381
192302
196833
208214
235680
246076
250507
251114
253642
255599
258075
277874
286180
287517
307679
309913
315144
349520
354368
361427
373525
399666
402985
413157
418040
422570
425182
431283
440874
450778
462347
472534
495610
503307
513506
524126
525905
526463
527284
527565
544553
557637
558921
567207
567847
570826
595558
605433
619488
622586
623234
631966
640607
642098
652869
653291
654353
658559
663799
669938
676372
677626
678387
680327
682622
684947
688641
704206
711335
716264
718193
720523
720826
737948
741045
742966
744861
748060
752167
752668
766595
786487
792596
805121
813761
817216
817975
818419
821630
827306
828008
830340
836247
845073
847445
855769
858018
860005
868135
869355
870615
875650
876974
900986
909389
910496
914254
925181
928030
949051
951692
955038
989254
991880
1015062
