28912
42008
48883
65780
69082
69485
70366
80334
81456
81794
81972
82067
82118
83086
83091
83846
84370
85286
85979
90087
90360
91130
91280
93081
94489
96231
96661
98691
99945
100158
100425
100466
101096
101259
101712
104379
105775
106486
106580
107877
108734
108779
111099
112613
114633
118662
119078
120415
126250
126288
126457
127363
132484
133005
133033
133766
134141
135123
135615
136092
136258
136950
136983
139256
140608
144756
145146
148030
149770
149885
154974
157361
157611
157982
162326
163629
165729
170994
178900
179898
183378
185937
196839
198072
198106
199993
205519
209145
209583
209774
222490
225011
227127
252527
253037
257786
260565
262948
264326
267534
277551
282861
287806
288138
289580
295881
298870
299352
332355
336555
338920
357813
374359
415504
431252
452520
456977
461340
464422
482427
499534
503854
522140
525718
525962
526228
526440
527487
527857
533576
540176
540486
556976
558241
571766
588194
637177
719516
727406
745779